[back.jpg]
filters=finetune2=1,0.000000,0.000000,0.000000,00000000,0.064327;PicnikGrain=1,31.578945,0;finetune2=1,0.000000,0.000000,0.148772,00000000,0.000000;
moddate=00009fb08dd00000
width=1900
height=1063
textactive=0
